###### epoch 0 results are 

acc = 0.8584
confusion_matrix = [[2135  338]
 [ 370 2157]]
eval_loss = 0.33665600314641453
f1_score = 0.8590203106332139
f1_weighted = 0.8584039875331986
precision = 0.8645290581162325
recall = 0.853581321725366
###### epoch 1 results are 

acc = 0.859
confusion_matrix = [[2057  416]
 [ 289 2238]]
eval_loss = 0.325501726453851
f1_score = 0.8639258830341633
f1_weighted = 0.8588701832028764
precision = 0.8432554634513941
recall = 0.8856351404827859
###### epoch 2 results are 

acc = 0.859
confusion_matrix = [[2112  361]
 [ 344 2183]]
eval_loss = 0.3258854771970184
f1_score = 0.8609741668309997
f1_weighted = 0.8589931911470629
precision = 0.8580974842767296
recall = 0.8638702018203404
